3.099999999999999978e-01
2.800000000000000266e-01
1.280000000000000027e+00
9.599999999999999645e-01
8.399999999999999689e-01
7.600000000000000089e-01
7.099999999999999645e-01
6.600000000000000311e-01
5.699999999999999512e-01
5.799999999999999600e-01
1.659999999999999920e+00
1.409999999999999920e+00
1.209999999999999964e+00
1.110000000000000098e+00
1.070000000000000062e+00
1.050000000000000044e+00
1.020000000000000018e+00
1.060000000000000053e+00
2.029999999999999805e+00
1.760000000000000009e+00
1.699999999999999956e+00
1.600000000000000089e+00
1.530000000000000027e+00
1.389999999999999902e+00
1.389999999999999902e+00
1.320000000000000062e+00
1.260000000000000009e+00
1.239999999999999991e+00
1.320000000000000062e+00
1.219999999999999973e+00
1.219999999999999973e+00
1.199999999999999956e+00
1.189999999999999947e+00
1.199999999999999956e+00
1.199999999999999956e+00
1.159999999999999920e+00
2.200000000000000178e+00
1.949999999999999956e+00
1.899999999999999911e+00
1.750000000000000000e+00
1.639999999999999902e+00
1.540000000000000036e+00
1.469999999999999973e+00
1.459999999999999964e+00
1.419999999999999929e+00
1.389999999999999902e+00
1.449999999999999956e+00
1.439999999999999947e+00
1.419999999999999929e+00
1.389999999999999902e+00
1.389999999999999902e+00
1.379999999999999893e+00
1.389999999999999902e+00
1.399999999999999911e+00
2.439999999999999947e+00
2.149999999999999911e+00
2.069999999999999840e+00
2.040000000000000036e+00
2.029999999999999805e+00
2.009999999999999787e+00
1.989999999999999991e+00
1.979999999999999982e+00
1.979999999999999982e+00
1.959999999999999964e+00
1.939999999999999947e+00
1.919999999999999929e+00
1.919999999999999929e+00
1.889999999999999902e+00
1.899999999999999911e+00
1.870000000000000107e+00
1.870000000000000107e+00
1.750000000000000000e+00
1.699999999999999956e+00
1.620000000000000107e+00
1.510000000000000009e+00
1.439999999999999947e+00
1.409999999999999920e+00
1.360000000000000098e+00
1.360000000000000098e+00
1.320000000000000062e+00
1.449999999999999956e+00
1.459999999999999964e+00
1.479999999999999982e+00
1.399999999999999911e+00
1.500000000000000000e+00
1.500000000000000000e+00
2.600000000000000089e+00
2.209999999999999964e+00
2.149999999999999911e+00
2.060000000000000053e+00
2.000000000000000000e+00
1.959999999999999964e+00
1.899999999999999911e+00
1.870000000000000107e+00
1.800000000000000044e+00
1.689999999999999947e+00
